500001, 500002, 500003, 500004, 500005, 500006, 500007, 500008, 500009, 500010, 
500011, 500012, 500013, 500014, 500015, 500016, 500017, 500018, 500019, 500020, 
500022, 500023, 500024, 500025, 500026, 500027, 500028, 500029, 500030, 500031, 
500032, 500033, 500034, 500035, 500036, 500037, 500038, 500039, 500040, 500041, 
500042, 500043, 500044, 500045, 500046, 500047, 500048, 500049, 500050, 500051, 
500052, 500053, 500054, 500055, 500056, 500057, 500058, 500059, 500060, 500061, 
500062, 500063, 500064, 500065, 500066, 500067, 500068, 500070, 500072, 500073,
 500074, 500075, 500076, 500079, 500080, 500081, 500082, 500083, 500084, 500085, 
 500086, 500087, 500088, 500089, 500090, 500091, 500092, 500093, 500094, 500095, 
 500096, 500097, 500098, 500099, 500100, 501218, 501301, 501401, 501403, 501505,
  501510, 502032, 502319, 502325